{
 "cells": [
  {
   "cell_type": "markdown",
   "id": "e64ac4b1",
   "metadata": {},
   "source": [
    "# EX1_PCA"
   ]
  },
  {
   "cell_type": "markdown",
   "id": "ef4c7439",
   "metadata": {},
   "source": [
    "#https://archive.ics.uci.edu/dataset/484/travel+reviews"
   ]
  },
  {
   "cell_type": "code",
   "execution_count": 1,
   "id": "075ba36f",
   "metadata": {},
   "outputs": [],
   "source": [
    "import pandas as pd\n",
    "import numpy as np\n",
    "import matplotlib.pyplot as plt\n",
    "import seaborn as sns"
   ]
  },
  {
   "cell_type": "code",
   "execution_count": 2,
   "id": "0c570b54",
   "metadata": {},
   "outputs": [],
   "source": [
    "df = pd.read_csv(\"tripadvisor_review.csv\")"
   ]
  },
  {
   "cell_type": "code",
   "execution_count": 3,
   "id": "e0d7737e",
   "metadata": {},
   "outputs": [
    {
     "data": {
      "text/html": [
       "<div>\n",
       "<style scoped>\n",
       "    .dataframe tbody tr th:only-of-type {\n",
       "        vertical-align: middle;\n",
       "    }\n",
       "\n",
       "    .dataframe tbody tr th {\n",
       "        vertical-align: top;\n",
       "    }\n",
       "\n",
       "    .dataframe thead th {\n",
       "        text-align: right;\n",
       "    }\n",
       "</style>\n",
       "<table border=\"1\" class=\"dataframe\">\n",
       "  <thead>\n",
       "    <tr style=\"text-align: right;\">\n",
       "      <th></th>\n",
       "      <th>User ID</th>\n",
       "      <th>Category 1</th>\n",
       "      <th>Category 2</th>\n",
       "      <th>Category 3</th>\n",
       "      <th>Category 4</th>\n",
       "      <th>Category 5</th>\n",
       "      <th>Category 6</th>\n",
       "      <th>Category 7</th>\n",
       "      <th>Category 8</th>\n",
       "      <th>Category 9</th>\n",
       "      <th>Category 10</th>\n",
       "    </tr>\n",
       "  </thead>\n",
       "  <tbody>\n",
       "    <tr>\n",
       "      <th>0</th>\n",
       "      <td>User 1</td>\n",
       "      <td>0.93</td>\n",
       "      <td>1.80</td>\n",
       "      <td>2.29</td>\n",
       "      <td>0.62</td>\n",
       "      <td>0.80</td>\n",
       "      <td>2.42</td>\n",
       "      <td>3.19</td>\n",
       "      <td>2.79</td>\n",
       "      <td>1.82</td>\n",
       "      <td>2.42</td>\n",
       "    </tr>\n",
       "    <tr>\n",
       "      <th>1</th>\n",
       "      <td>User 2</td>\n",
       "      <td>1.02</td>\n",
       "      <td>2.20</td>\n",
       "      <td>2.66</td>\n",
       "      <td>0.64</td>\n",
       "      <td>1.42</td>\n",
       "      <td>3.18</td>\n",
       "      <td>3.21</td>\n",
       "      <td>2.63</td>\n",
       "      <td>1.86</td>\n",
       "      <td>2.32</td>\n",
       "    </tr>\n",
       "    <tr>\n",
       "      <th>2</th>\n",
       "      <td>User 3</td>\n",
       "      <td>1.22</td>\n",
       "      <td>0.80</td>\n",
       "      <td>0.54</td>\n",
       "      <td>0.53</td>\n",
       "      <td>0.24</td>\n",
       "      <td>1.54</td>\n",
       "      <td>3.18</td>\n",
       "      <td>2.80</td>\n",
       "      <td>1.31</td>\n",
       "      <td>2.50</td>\n",
       "    </tr>\n",
       "    <tr>\n",
       "      <th>3</th>\n",
       "      <td>User 4</td>\n",
       "      <td>0.45</td>\n",
       "      <td>1.80</td>\n",
       "      <td>0.29</td>\n",
       "      <td>0.57</td>\n",
       "      <td>0.46</td>\n",
       "      <td>1.52</td>\n",
       "      <td>3.18</td>\n",
       "      <td>2.96</td>\n",
       "      <td>1.57</td>\n",
       "      <td>2.86</td>\n",
       "    </tr>\n",
       "    <tr>\n",
       "      <th>4</th>\n",
       "      <td>User 5</td>\n",
       "      <td>0.51</td>\n",
       "      <td>1.20</td>\n",
       "      <td>1.18</td>\n",
       "      <td>0.57</td>\n",
       "      <td>1.54</td>\n",
       "      <td>2.02</td>\n",
       "      <td>3.18</td>\n",
       "      <td>2.78</td>\n",
       "      <td>1.18</td>\n",
       "      <td>2.54</td>\n",
       "    </tr>\n",
       "    <tr>\n",
       "      <th>...</th>\n",
       "      <td>...</td>\n",
       "      <td>...</td>\n",
       "      <td>...</td>\n",
       "      <td>...</td>\n",
       "      <td>...</td>\n",
       "      <td>...</td>\n",
       "      <td>...</td>\n",
       "      <td>...</td>\n",
       "      <td>...</td>\n",
       "      <td>...</td>\n",
       "      <td>...</td>\n",
       "    </tr>\n",
       "    <tr>\n",
       "      <th>975</th>\n",
       "      <td>User 976</td>\n",
       "      <td>0.74</td>\n",
       "      <td>1.12</td>\n",
       "      <td>0.30</td>\n",
       "      <td>0.53</td>\n",
       "      <td>0.88</td>\n",
       "      <td>1.38</td>\n",
       "      <td>3.17</td>\n",
       "      <td>2.78</td>\n",
       "      <td>0.99</td>\n",
       "      <td>3.20</td>\n",
       "    </tr>\n",
       "    <tr>\n",
       "      <th>976</th>\n",
       "      <td>User 977</td>\n",
       "      <td>1.25</td>\n",
       "      <td>0.92</td>\n",
       "      <td>1.12</td>\n",
       "      <td>0.38</td>\n",
       "      <td>0.78</td>\n",
       "      <td>1.68</td>\n",
       "      <td>3.18</td>\n",
       "      <td>2.79</td>\n",
       "      <td>1.34</td>\n",
       "      <td>2.80</td>\n",
       "    </tr>\n",
       "    <tr>\n",
       "      <th>977</th>\n",
       "      <td>User 978</td>\n",
       "      <td>0.61</td>\n",
       "      <td>1.32</td>\n",
       "      <td>0.67</td>\n",
       "      <td>0.43</td>\n",
       "      <td>1.30</td>\n",
       "      <td>1.78</td>\n",
       "      <td>3.17</td>\n",
       "      <td>2.81</td>\n",
       "      <td>1.34</td>\n",
       "      <td>3.02</td>\n",
       "    </tr>\n",
       "    <tr>\n",
       "      <th>978</th>\n",
       "      <td>User 979</td>\n",
       "      <td>0.93</td>\n",
       "      <td>0.20</td>\n",
       "      <td>0.13</td>\n",
       "      <td>0.43</td>\n",
       "      <td>0.30</td>\n",
       "      <td>0.40</td>\n",
       "      <td>3.18</td>\n",
       "      <td>2.98</td>\n",
       "      <td>1.12</td>\n",
       "      <td>2.46</td>\n",
       "    </tr>\n",
       "    <tr>\n",
       "      <th>979</th>\n",
       "      <td>User 980</td>\n",
       "      <td>0.93</td>\n",
       "      <td>0.56</td>\n",
       "      <td>1.13</td>\n",
       "      <td>0.51</td>\n",
       "      <td>1.34</td>\n",
       "      <td>2.36</td>\n",
       "      <td>3.18</td>\n",
       "      <td>2.87</td>\n",
       "      <td>1.34</td>\n",
       "      <td>2.40</td>\n",
       "    </tr>\n",
       "  </tbody>\n",
       "</table>\n",
       "<p>980 rows × 11 columns</p>\n",
       "</div>"
      ],
      "text/plain": [
       "      User ID  Category 1  Category 2  Category 3  Category 4  Category 5  \\\n",
       "0      User 1        0.93        1.80        2.29        0.62        0.80   \n",
       "1      User 2        1.02        2.20        2.66        0.64        1.42   \n",
       "2      User 3        1.22        0.80        0.54        0.53        0.24   \n",
       "3      User 4        0.45        1.80        0.29        0.57        0.46   \n",
       "4      User 5        0.51        1.20        1.18        0.57        1.54   \n",
       "..        ...         ...         ...         ...         ...         ...   \n",
       "975  User 976        0.74        1.12        0.30        0.53        0.88   \n",
       "976  User 977        1.25        0.92        1.12        0.38        0.78   \n",
       "977  User 978        0.61        1.32        0.67        0.43        1.30   \n",
       "978  User 979        0.93        0.20        0.13        0.43        0.30   \n",
       "979  User 980        0.93        0.56        1.13        0.51        1.34   \n",
       "\n",
       "     Category 6  Category 7  Category 8  Category 9  Category 10  \n",
       "0          2.42        3.19        2.79        1.82         2.42  \n",
       "1          3.18        3.21        2.63        1.86         2.32  \n",
       "2          1.54        3.18        2.80        1.31         2.50  \n",
       "3          1.52        3.18        2.96        1.57         2.86  \n",
       "4          2.02        3.18        2.78        1.18         2.54  \n",
       "..          ...         ...         ...         ...          ...  \n",
       "975        1.38        3.17        2.78        0.99         3.20  \n",
       "976        1.68        3.18        2.79        1.34         2.80  \n",
       "977        1.78        3.17        2.81        1.34         3.02  \n",
       "978        0.40        3.18        2.98        1.12         2.46  \n",
       "979        2.36        3.18        2.87        1.34         2.40  \n",
       "\n",
       "[980 rows x 11 columns]"
      ]
     },
     "execution_count": 3,
     "metadata": {},
     "output_type": "execute_result"
    }
   ],
   "source": [
    "df"
   ]
  },
  {
   "cell_type": "code",
   "execution_count": 4,
   "id": "7c57fc0c",
   "metadata": {},
   "outputs": [],
   "source": [
    "df = df.drop('User ID', axis=1)"
   ]
  },
  {
   "cell_type": "code",
   "execution_count": 5,
   "id": "595edee8",
   "metadata": {},
   "outputs": [
    {
     "data": {
      "text/html": [
       "<div>\n",
       "<style scoped>\n",
       "    .dataframe tbody tr th:only-of-type {\n",
       "        vertical-align: middle;\n",
       "    }\n",
       "\n",
       "    .dataframe tbody tr th {\n",
       "        vertical-align: top;\n",
       "    }\n",
       "\n",
       "    .dataframe thead th {\n",
       "        text-align: right;\n",
       "    }\n",
       "</style>\n",
       "<table border=\"1\" class=\"dataframe\">\n",
       "  <thead>\n",
       "    <tr style=\"text-align: right;\">\n",
       "      <th></th>\n",
       "      <th>Category 1</th>\n",
       "      <th>Category 2</th>\n",
       "      <th>Category 3</th>\n",
       "      <th>Category 4</th>\n",
       "      <th>Category 5</th>\n",
       "      <th>Category 6</th>\n",
       "      <th>Category 7</th>\n",
       "      <th>Category 8</th>\n",
       "      <th>Category 9</th>\n",
       "      <th>Category 10</th>\n",
       "    </tr>\n",
       "  </thead>\n",
       "  <tbody>\n",
       "    <tr>\n",
       "      <th>0</th>\n",
       "      <td>0.93</td>\n",
       "      <td>1.80</td>\n",
       "      <td>2.29</td>\n",
       "      <td>0.62</td>\n",
       "      <td>0.80</td>\n",
       "      <td>2.42</td>\n",
       "      <td>3.19</td>\n",
       "      <td>2.79</td>\n",
       "      <td>1.82</td>\n",
       "      <td>2.42</td>\n",
       "    </tr>\n",
       "    <tr>\n",
       "      <th>1</th>\n",
       "      <td>1.02</td>\n",
       "      <td>2.20</td>\n",
       "      <td>2.66</td>\n",
       "      <td>0.64</td>\n",
       "      <td>1.42</td>\n",
       "      <td>3.18</td>\n",
       "      <td>3.21</td>\n",
       "      <td>2.63</td>\n",
       "      <td>1.86</td>\n",
       "      <td>2.32</td>\n",
       "    </tr>\n",
       "    <tr>\n",
       "      <th>2</th>\n",
       "      <td>1.22</td>\n",
       "      <td>0.80</td>\n",
       "      <td>0.54</td>\n",
       "      <td>0.53</td>\n",
       "      <td>0.24</td>\n",
       "      <td>1.54</td>\n",
       "      <td>3.18</td>\n",
       "      <td>2.80</td>\n",
       "      <td>1.31</td>\n",
       "      <td>2.50</td>\n",
       "    </tr>\n",
       "    <tr>\n",
       "      <th>3</th>\n",
       "      <td>0.45</td>\n",
       "      <td>1.80</td>\n",
       "      <td>0.29</td>\n",
       "      <td>0.57</td>\n",
       "      <td>0.46</td>\n",
       "      <td>1.52</td>\n",
       "      <td>3.18</td>\n",
       "      <td>2.96</td>\n",
       "      <td>1.57</td>\n",
       "      <td>2.86</td>\n",
       "    </tr>\n",
       "    <tr>\n",
       "      <th>4</th>\n",
       "      <td>0.51</td>\n",
       "      <td>1.20</td>\n",
       "      <td>1.18</td>\n",
       "      <td>0.57</td>\n",
       "      <td>1.54</td>\n",
       "      <td>2.02</td>\n",
       "      <td>3.18</td>\n",
       "      <td>2.78</td>\n",
       "      <td>1.18</td>\n",
       "      <td>2.54</td>\n",
       "    </tr>\n",
       "    <tr>\n",
       "      <th>...</th>\n",
       "      <td>...</td>\n",
       "      <td>...</td>\n",
       "      <td>...</td>\n",
       "      <td>...</td>\n",
       "      <td>...</td>\n",
       "      <td>...</td>\n",
       "      <td>...</td>\n",
       "      <td>...</td>\n",
       "      <td>...</td>\n",
       "      <td>...</td>\n",
       "    </tr>\n",
       "    <tr>\n",
       "      <th>975</th>\n",
       "      <td>0.74</td>\n",
       "      <td>1.12</td>\n",
       "      <td>0.30</td>\n",
       "      <td>0.53</td>\n",
       "      <td>0.88</td>\n",
       "      <td>1.38</td>\n",
       "      <td>3.17</td>\n",
       "      <td>2.78</td>\n",
       "      <td>0.99</td>\n",
       "      <td>3.20</td>\n",
       "    </tr>\n",
       "    <tr>\n",
       "      <th>976</th>\n",
       "      <td>1.25</td>\n",
       "      <td>0.92</td>\n",
       "      <td>1.12</td>\n",
       "      <td>0.38</td>\n",
       "      <td>0.78</td>\n",
       "      <td>1.68</td>\n",
       "      <td>3.18</td>\n",
       "      <td>2.79</td>\n",
       "      <td>1.34</td>\n",
       "      <td>2.80</td>\n",
       "    </tr>\n",
       "    <tr>\n",
       "      <th>977</th>\n",
       "      <td>0.61</td>\n",
       "      <td>1.32</td>\n",
       "      <td>0.67</td>\n",
       "      <td>0.43</td>\n",
       "      <td>1.30</td>\n",
       "      <td>1.78</td>\n",
       "      <td>3.17</td>\n",
       "      <td>2.81</td>\n",
       "      <td>1.34</td>\n",
       "      <td>3.02</td>\n",
       "    </tr>\n",
       "    <tr>\n",
       "      <th>978</th>\n",
       "      <td>0.93</td>\n",
       "      <td>0.20</td>\n",
       "      <td>0.13</td>\n",
       "      <td>0.43</td>\n",
       "      <td>0.30</td>\n",
       "      <td>0.40</td>\n",
       "      <td>3.18</td>\n",
       "      <td>2.98</td>\n",
       "      <td>1.12</td>\n",
       "      <td>2.46</td>\n",
       "    </tr>\n",
       "    <tr>\n",
       "      <th>979</th>\n",
       "      <td>0.93</td>\n",
       "      <td>0.56</td>\n",
       "      <td>1.13</td>\n",
       "      <td>0.51</td>\n",
       "      <td>1.34</td>\n",
       "      <td>2.36</td>\n",
       "      <td>3.18</td>\n",
       "      <td>2.87</td>\n",
       "      <td>1.34</td>\n",
       "      <td>2.40</td>\n",
       "    </tr>\n",
       "  </tbody>\n",
       "</table>\n",
       "<p>980 rows × 10 columns</p>\n",
       "</div>"
      ],
      "text/plain": [
       "     Category 1  Category 2  Category 3  Category 4  Category 5  Category 6  \\\n",
       "0          0.93        1.80        2.29        0.62        0.80        2.42   \n",
       "1          1.02        2.20        2.66        0.64        1.42        3.18   \n",
       "2          1.22        0.80        0.54        0.53        0.24        1.54   \n",
       "3          0.45        1.80        0.29        0.57        0.46        1.52   \n",
       "4          0.51        1.20        1.18        0.57        1.54        2.02   \n",
       "..          ...         ...         ...         ...         ...         ...   \n",
       "975        0.74        1.12        0.30        0.53        0.88        1.38   \n",
       "976        1.25        0.92        1.12        0.38        0.78        1.68   \n",
       "977        0.61        1.32        0.67        0.43        1.30        1.78   \n",
       "978        0.93        0.20        0.13        0.43        0.30        0.40   \n",
       "979        0.93        0.56        1.13        0.51        1.34        2.36   \n",
       "\n",
       "     Category 7  Category 8  Category 9  Category 10  \n",
       "0          3.19        2.79        1.82         2.42  \n",
       "1          3.21        2.63        1.86         2.32  \n",
       "2          3.18        2.80        1.31         2.50  \n",
       "3          3.18        2.96        1.57         2.86  \n",
       "4          3.18        2.78        1.18         2.54  \n",
       "..          ...         ...         ...          ...  \n",
       "975        3.17        2.78        0.99         3.20  \n",
       "976        3.18        2.79        1.34         2.80  \n",
       "977        3.17        2.81        1.34         3.02  \n",
       "978        3.18        2.98        1.12         2.46  \n",
       "979        3.18        2.87        1.34         2.40  \n",
       "\n",
       "[980 rows x 10 columns]"
      ]
     },
     "execution_count": 5,
     "metadata": {},
     "output_type": "execute_result"
    }
   ],
   "source": [
    "df"
   ]
  },
  {
   "cell_type": "code",
   "execution_count": 7,
   "id": "58a62208",
   "metadata": {},
   "outputs": [],
   "source": [
    "mean = np.mean(df,axis=0)"
   ]
  },
  {
   "cell_type": "code",
   "execution_count": 8,
   "id": "5484404d",
   "metadata": {},
   "outputs": [
    {
     "data": {
      "text/plain": [
       "Category 1     0.893194\n",
       "Category 2     1.352612\n",
       "Category 3     1.013306\n",
       "Category 4     0.532500\n",
       "Category 5     0.939735\n",
       "Category 6     1.842898\n",
       "Category 7     3.180939\n",
       "Category 8     2.835061\n",
       "Category 9     1.569439\n",
       "Category 10    2.799224\n",
       "dtype: float64"
      ]
     },
     "execution_count": 8,
     "metadata": {},
     "output_type": "execute_result"
    }
   ],
   "source": [
    "mean"
   ]
  },
  {
   "cell_type": "code",
   "execution_count": 10,
   "id": "cef7366e",
   "metadata": {},
   "outputs": [
    {
     "data": {
      "text/html": [
       "<div>\n",
       "<style scoped>\n",
       "    .dataframe tbody tr th:only-of-type {\n",
       "        vertical-align: middle;\n",
       "    }\n",
       "\n",
       "    .dataframe tbody tr th {\n",
       "        vertical-align: top;\n",
       "    }\n",
       "\n",
       "    .dataframe thead th {\n",
       "        text-align: right;\n",
       "    }\n",
       "</style>\n",
       "<table border=\"1\" class=\"dataframe\">\n",
       "  <thead>\n",
       "    <tr style=\"text-align: right;\">\n",
       "      <th></th>\n",
       "      <th>Category 1</th>\n",
       "      <th>Category 2</th>\n",
       "      <th>Category 3</th>\n",
       "      <th>Category 4</th>\n",
       "      <th>Category 5</th>\n",
       "      <th>Category 6</th>\n",
       "      <th>Category 7</th>\n",
       "      <th>Category 8</th>\n",
       "      <th>Category 9</th>\n",
       "      <th>Category 10</th>\n",
       "    </tr>\n",
       "  </thead>\n",
       "  <tbody>\n",
       "    <tr>\n",
       "      <th>0</th>\n",
       "      <td>0.036806</td>\n",
       "      <td>0.447388</td>\n",
       "      <td>1.276694</td>\n",
       "      <td>0.0875</td>\n",
       "      <td>-0.139735</td>\n",
       "      <td>0.577102</td>\n",
       "      <td>0.009061</td>\n",
       "      <td>-0.045061</td>\n",
       "      <td>0.250561</td>\n",
       "      <td>-0.379224</td>\n",
       "    </tr>\n",
       "    <tr>\n",
       "      <th>1</th>\n",
       "      <td>0.126806</td>\n",
       "      <td>0.847388</td>\n",
       "      <td>1.646694</td>\n",
       "      <td>0.1075</td>\n",
       "      <td>0.480265</td>\n",
       "      <td>1.337102</td>\n",
       "      <td>0.029061</td>\n",
       "      <td>-0.205061</td>\n",
       "      <td>0.290561</td>\n",
       "      <td>-0.479224</td>\n",
       "    </tr>\n",
       "    <tr>\n",
       "      <th>2</th>\n",
       "      <td>0.326806</td>\n",
       "      <td>-0.552612</td>\n",
       "      <td>-0.473306</td>\n",
       "      <td>-0.0025</td>\n",
       "      <td>-0.699735</td>\n",
       "      <td>-0.302898</td>\n",
       "      <td>-0.000939</td>\n",
       "      <td>-0.035061</td>\n",
       "      <td>-0.259439</td>\n",
       "      <td>-0.299224</td>\n",
       "    </tr>\n",
       "    <tr>\n",
       "      <th>3</th>\n",
       "      <td>-0.443194</td>\n",
       "      <td>0.447388</td>\n",
       "      <td>-0.723306</td>\n",
       "      <td>0.0375</td>\n",
       "      <td>-0.479735</td>\n",
       "      <td>-0.322898</td>\n",
       "      <td>-0.000939</td>\n",
       "      <td>0.124939</td>\n",
       "      <td>0.000561</td>\n",
       "      <td>0.060776</td>\n",
       "    </tr>\n",
       "    <tr>\n",
       "      <th>4</th>\n",
       "      <td>-0.383194</td>\n",
       "      <td>-0.152612</td>\n",
       "      <td>0.166694</td>\n",
       "      <td>0.0375</td>\n",
       "      <td>0.600265</td>\n",
       "      <td>0.177102</td>\n",
       "      <td>-0.000939</td>\n",
       "      <td>-0.055061</td>\n",
       "      <td>-0.389439</td>\n",
       "      <td>-0.259224</td>\n",
       "    </tr>\n",
       "    <tr>\n",
       "      <th>...</th>\n",
       "      <td>...</td>\n",
       "      <td>...</td>\n",
       "      <td>...</td>\n",
       "      <td>...</td>\n",
       "      <td>...</td>\n",
       "      <td>...</td>\n",
       "      <td>...</td>\n",
       "      <td>...</td>\n",
       "      <td>...</td>\n",
       "      <td>...</td>\n",
       "    </tr>\n",
       "    <tr>\n",
       "      <th>975</th>\n",
       "      <td>-0.153194</td>\n",
       "      <td>-0.232612</td>\n",
       "      <td>-0.713306</td>\n",
       "      <td>-0.0025</td>\n",
       "      <td>-0.059735</td>\n",
       "      <td>-0.462898</td>\n",
       "      <td>-0.010939</td>\n",
       "      <td>-0.055061</td>\n",
       "      <td>-0.579439</td>\n",
       "      <td>0.400776</td>\n",
       "    </tr>\n",
       "    <tr>\n",
       "      <th>976</th>\n",
       "      <td>0.356806</td>\n",
       "      <td>-0.432612</td>\n",
       "      <td>0.106694</td>\n",
       "      <td>-0.1525</td>\n",
       "      <td>-0.159735</td>\n",
       "      <td>-0.162898</td>\n",
       "      <td>-0.000939</td>\n",
       "      <td>-0.045061</td>\n",
       "      <td>-0.229439</td>\n",
       "      <td>0.000776</td>\n",
       "    </tr>\n",
       "    <tr>\n",
       "      <th>977</th>\n",
       "      <td>-0.283194</td>\n",
       "      <td>-0.032612</td>\n",
       "      <td>-0.343306</td>\n",
       "      <td>-0.1025</td>\n",
       "      <td>0.360265</td>\n",
       "      <td>-0.062898</td>\n",
       "      <td>-0.010939</td>\n",
       "      <td>-0.025061</td>\n",
       "      <td>-0.229439</td>\n",
       "      <td>0.220776</td>\n",
       "    </tr>\n",
       "    <tr>\n",
       "      <th>978</th>\n",
       "      <td>0.036806</td>\n",
       "      <td>-1.152612</td>\n",
       "      <td>-0.883306</td>\n",
       "      <td>-0.1025</td>\n",
       "      <td>-0.639735</td>\n",
       "      <td>-1.442898</td>\n",
       "      <td>-0.000939</td>\n",
       "      <td>0.144939</td>\n",
       "      <td>-0.449439</td>\n",
       "      <td>-0.339224</td>\n",
       "    </tr>\n",
       "    <tr>\n",
       "      <th>979</th>\n",
       "      <td>0.036806</td>\n",
       "      <td>-0.792612</td>\n",
       "      <td>0.116694</td>\n",
       "      <td>-0.0225</td>\n",
       "      <td>0.400265</td>\n",
       "      <td>0.517102</td>\n",
       "      <td>-0.000939</td>\n",
       "      <td>0.034939</td>\n",
       "      <td>-0.229439</td>\n",
       "      <td>-0.399224</td>\n",
       "    </tr>\n",
       "  </tbody>\n",
       "</table>\n",
       "<p>980 rows × 10 columns</p>\n",
       "</div>"
      ],
      "text/plain": [
       "     Category 1  Category 2  Category 3  Category 4  Category 5  Category 6  \\\n",
       "0      0.036806    0.447388    1.276694      0.0875   -0.139735    0.577102   \n",
       "1      0.126806    0.847388    1.646694      0.1075    0.480265    1.337102   \n",
       "2      0.326806   -0.552612   -0.473306     -0.0025   -0.699735   -0.302898   \n",
       "3     -0.443194    0.447388   -0.723306      0.0375   -0.479735   -0.322898   \n",
       "4     -0.383194   -0.152612    0.166694      0.0375    0.600265    0.177102   \n",
       "..          ...         ...         ...         ...         ...         ...   \n",
       "975   -0.153194   -0.232612   -0.713306     -0.0025   -0.059735   -0.462898   \n",
       "976    0.356806   -0.432612    0.106694     -0.1525   -0.159735   -0.162898   \n",
       "977   -0.283194   -0.032612   -0.343306     -0.1025    0.360265   -0.062898   \n",
       "978    0.036806   -1.152612   -0.883306     -0.1025   -0.639735   -1.442898   \n",
       "979    0.036806   -0.792612    0.116694     -0.0225    0.400265    0.517102   \n",
       "\n",
       "     Category 7  Category 8  Category 9  Category 10  \n",
       "0      0.009061   -0.045061    0.250561    -0.379224  \n",
       "1      0.029061   -0.205061    0.290561    -0.479224  \n",
       "2     -0.000939   -0.035061   -0.259439    -0.299224  \n",
       "3     -0.000939    0.124939    0.000561     0.060776  \n",
       "4     -0.000939   -0.055061   -0.389439    -0.259224  \n",
       "..          ...         ...         ...          ...  \n",
       "975   -0.010939   -0.055061   -0.579439     0.400776  \n",
       "976   -0.000939   -0.045061   -0.229439     0.000776  \n",
       "977   -0.010939   -0.025061   -0.229439     0.220776  \n",
       "978   -0.000939    0.144939   -0.449439    -0.339224  \n",
       "979   -0.000939    0.034939   -0.229439    -0.399224  \n",
       "\n",
       "[980 rows x 10 columns]"
      ]
     },
     "execution_count": 10,
     "metadata": {},
     "output_type": "execute_result"
    }
   ],
   "source": [
    "standardized_data = df-mean\n",
    "standardized_data "
   ]
  },
  {
   "cell_type": "code",
   "execution_count": 12,
   "id": "0f033a94",
   "metadata": {},
   "outputs": [],
   "source": [
    "cov_matrix= np.cov(standardized_data ,rowvar=False)\n",
    "#setting rowvar=False tells numpy that the variables are in the columns\n",
    "#and it will compute the covariance matrix correctly by treating each column as a feature."
   ]
  },
  {
   "cell_type": "code",
   "execution_count": 13,
   "id": "056ff75f",
   "metadata": {},
   "outputs": [
    {
     "data": {
      "text/plain": [
       "array([[ 1.06871607e-01, -2.93467582e-02,  2.22037981e-03,\n",
       "         6.71733912e-03, -1.43691211e-02,  1.66048308e-02,\n",
       "        -3.19084447e-05,  9.00366054e-04, -5.63977872e-03,\n",
       "         5.32668779e-03],\n",
       "       [-2.93467582e-02,  2.28751903e-01,  1.64395672e-02,\n",
       "         1.76099081e-02,  2.50284772e-02,  3.82955886e-02,\n",
       "         4.11845490e-04, -1.04332551e-02,  1.27905380e-02,\n",
       "        -1.01082888e-02],\n",
       "       [ 2.22037981e-03,  1.64395672e-02,  6.21900805e-01,\n",
       "         1.34846782e-02,  9.71643101e-02,  1.51657110e-01,\n",
       "         4.63182673e-03, -1.87546459e-02, -2.45668862e-02,\n",
       "        -1.11652183e-01],\n",
       "       [ 6.71733912e-03,  1.76099081e-02,  1.34846782e-02,\n",
       "         7.82496170e-02,  1.24660368e-02,  3.25797753e-02,\n",
       "         4.99795710e-04, -3.98426966e-03,  2.72030133e-03,\n",
       "        -3.17265577e-02],\n",
       "       [-1.43691211e-02,  2.50284772e-02,  9.71643101e-02,\n",
       "         1.24660368e-02,  1.91344976e-01,  1.37194028e-01,\n",
       "         7.95142065e-04, -1.26055575e-03,  6.65010631e-03,\n",
       "        -3.47895829e-02],\n",
       "       [ 1.66048308e-02,  3.82955886e-02,  1.51657110e-01,\n",
       "         3.25797753e-02,  1.37194028e-01,  2.91101297e-01,\n",
       "         1.81842071e-03,  5.23608013e-06,  1.89667966e-02,\n",
       "        -7.59656768e-02],\n",
       "       [-3.19084447e-05,  4.11845490e-04,  4.63182673e-03,\n",
       "         4.99795710e-04,  7.95142065e-04,  1.81842071e-03,\n",
       "         6.12219883e-05, -7.79942048e-05,  2.42406871e-04,\n",
       "        -1.78721811e-03],\n",
       "       [ 9.00366054e-04, -1.04332551e-02, -1.87546459e-02,\n",
       "        -3.98426966e-03, -1.26055575e-03,  5.23608013e-06,\n",
       "        -7.79942048e-05,  1.89077593e-02,  8.50825707e-03,\n",
       "         5.06879114e-03],\n",
       "       [-5.63977872e-03,  1.27905380e-02, -2.45668862e-02,\n",
       "         2.72030133e-03,  6.65010631e-03,  1.89667966e-02,\n",
       "         2.42406871e-04,  8.50825707e-03,  1.32954639e-01,\n",
       "        -5.35324467e-03],\n",
       "       [ 5.32668779e-03, -1.01082888e-02, -1.11652183e-01,\n",
       "        -3.17265577e-02, -3.47895829e-02, -7.59656768e-02,\n",
       "        -1.78721811e-03,  5.06879114e-03, -5.35324467e-03,\n",
       "         1.03284996e-01]])"
      ]
     },
     "execution_count": 13,
     "metadata": {},
     "output_type": "execute_result"
    }
   ],
   "source": [
    "cov_matrix"
   ]
  },
  {
   "cell_type": "code",
   "execution_count": 14,
   "id": "85547ee4",
   "metadata": {},
   "outputs": [],
   "source": [
    "eigenvalues,eigenvectors = np.linalg.eig(cov_matrix)"
   ]
  },
  {
   "cell_type": "code",
   "execution_count": 16,
   "id": "c757ff15",
   "metadata": {},
   "outputs": [
    {
     "name": "stdout",
     "output_type": "stream",
     "text": [
      "[7.54063530e-01 3.14307339e-01 2.20850270e-01 1.29790314e-01\n",
      " 1.22981527e-01 9.54117647e-02 7.32377910e-02 4.58843057e-02\n",
      " 1.68877487e-02 1.42290999e-05]\n"
     ]
    }
   ],
   "source": [
    "print(eigenvalues)"
   ]
  },
  {
   "cell_type": "code",
   "execution_count": 17,
   "id": "f0b3d4a5",
   "metadata": {},
   "outputs": [
    {
     "name": "stdout",
     "output_type": "stream",
     "text": [
      "[[ 2.92432831e-03 -4.33009399e-02  2.44929459e-01  8.97705512e-02\n",
      "  -6.18925850e-01 -5.42663025e-01  4.35546047e-01 -2.50487696e-01\n",
      "   8.39444502e-03 -7.71253457e-05]\n",
      " [ 7.38398917e-02  3.83989474e-01 -8.80358846e-01 -5.42035218e-02\n",
      "  -1.71575789e-01 -1.64379455e-01  4.25160405e-02 -9.00196796e-02\n",
      "   5.25270986e-02 -9.61760044e-04]\n",
      " [ 8.48242713e-01 -4.79968757e-01 -1.41119357e-01  6.66457288e-02\n",
      "   5.46783756e-02 -1.06609971e-01  1.51979612e-02  1.01969114e-01\n",
      "   2.72266310e-02 -5.70857383e-03]\n",
      " [ 5.28677969e-02  1.20445761e-01 -1.40877065e-02  9.44205927e-02\n",
      "  -3.05882252e-01  4.77292289e-01  5.15674869e-01  6.19829186e-01\n",
      "   4.58553544e-02 -8.47266567e-04]\n",
      " [ 2.60974309e-01  4.34618282e-01  1.92722360e-01 -3.51185829e-01\n",
      "   5.26876835e-01 -1.28304201e-01  5.22300102e-01 -1.25011452e-01\n",
      "   6.10583021e-03  1.50214094e-03]\n",
      " [ 3.98966812e-01  6.14945834e-01  3.20816459e-01  3.52377925e-02\n",
      "  -2.78816035e-01 -5.66172267e-02 -4.97122330e-01  1.70657461e-01\n",
      "  -3.60982195e-02 -8.05256143e-04]\n",
      " [ 7.01843006e-03 -1.12406924e-03 -1.07191801e-03  4.85418498e-03\n",
      "  -2.19441663e-03  6.02052972e-03  3.80295402e-04 -6.14784762e-03\n",
      "   4.53203707e-03  9.99912608e-01]\n",
      " [-2.50406998e-02  1.70711976e-02  5.72879739e-02  5.69773491e-02\n",
      "   4.20770795e-02 -3.97848459e-02 -4.64345005e-02  7.97104604e-03\n",
      "   9.93460206e-01 -4.12446980e-03]\n",
      " [-1.53794213e-02  1.78689693e-01 -1.32357439e-02  9.05418929e-01\n",
      "   3.23218814e-01 -1.58920259e-01  1.13425047e-01  2.10211134e-02\n",
      "  -6.95523709e-02 -2.03326292e-03]\n",
      " [-2.09841575e-01 -8.07824051e-02 -3.66247295e-02 -1.67390915e-01\n",
      "   1.71334716e-01 -6.26721958e-01 -8.59704730e-02  6.99479377e-01\n",
      "  -3.41294436e-02  1.07930250e-02]]\n"
     ]
    }
   ],
   "source": [
    "print(eigenvectors)"
   ]
  },
  {
   "cell_type": "code",
   "execution_count": 23,
   "id": "abe57e47",
   "metadata": {},
   "outputs": [],
   "source": [
    "# Sort eigenvalues and eigenvectors\n",
    "sorted_indices = np.argsort(eigenvalues)[::-1]\n",
    "#This function returns the indices that would sort the array eigenvalues in ascending order.\n",
    "#[::-1]: This reverses the indices to get a descending order.\n",
    "eigenvalues = eigenvalues[sorted_indices]\n",
    "eigenvectors = eigenvectors[:, sorted_indices]\n"
   ]
  },
  {
   "cell_type": "code",
   "execution_count": 19,
   "id": "1a70912a",
   "metadata": {},
   "outputs": [
    {
     "data": {
      "text/plain": [
       "array([[ 2.92432831e-03, -4.33009399e-02,  2.44929459e-01,\n",
       "         8.97705512e-02, -6.18925850e-01, -5.42663025e-01,\n",
       "         4.35546047e-01, -2.50487696e-01,  8.39444502e-03,\n",
       "        -7.71253457e-05],\n",
       "       [ 7.38398917e-02,  3.83989474e-01, -8.80358846e-01,\n",
       "        -5.42035218e-02, -1.71575789e-01, -1.64379455e-01,\n",
       "         4.25160405e-02, -9.00196796e-02,  5.25270986e-02,\n",
       "        -9.61760044e-04],\n",
       "       [ 8.48242713e-01, -4.79968757e-01, -1.41119357e-01,\n",
       "         6.66457288e-02,  5.46783756e-02, -1.06609971e-01,\n",
       "         1.51979612e-02,  1.01969114e-01,  2.72266310e-02,\n",
       "        -5.70857383e-03],\n",
       "       [ 5.28677969e-02,  1.20445761e-01, -1.40877065e-02,\n",
       "         9.44205927e-02, -3.05882252e-01,  4.77292289e-01,\n",
       "         5.15674869e-01,  6.19829186e-01,  4.58553544e-02,\n",
       "        -8.47266567e-04],\n",
       "       [ 2.60974309e-01,  4.34618282e-01,  1.92722360e-01,\n",
       "        -3.51185829e-01,  5.26876835e-01, -1.28304201e-01,\n",
       "         5.22300102e-01, -1.25011452e-01,  6.10583021e-03,\n",
       "         1.50214094e-03],\n",
       "       [ 3.98966812e-01,  6.14945834e-01,  3.20816459e-01,\n",
       "         3.52377925e-02, -2.78816035e-01, -5.66172267e-02,\n",
       "        -4.97122330e-01,  1.70657461e-01, -3.60982195e-02,\n",
       "        -8.05256143e-04],\n",
       "       [ 7.01843006e-03, -1.12406924e-03, -1.07191801e-03,\n",
       "         4.85418498e-03, -2.19441663e-03,  6.02052972e-03,\n",
       "         3.80295402e-04, -6.14784762e-03,  4.53203707e-03,\n",
       "         9.99912608e-01],\n",
       "       [-2.50406998e-02,  1.70711976e-02,  5.72879739e-02,\n",
       "         5.69773491e-02,  4.20770795e-02, -3.97848459e-02,\n",
       "        -4.64345005e-02,  7.97104604e-03,  9.93460206e-01,\n",
       "        -4.12446980e-03],\n",
       "       [-1.53794213e-02,  1.78689693e-01, -1.32357439e-02,\n",
       "         9.05418929e-01,  3.23218814e-01, -1.58920259e-01,\n",
       "         1.13425047e-01,  2.10211134e-02, -6.95523709e-02,\n",
       "        -2.03326292e-03],\n",
       "       [-2.09841575e-01, -8.07824051e-02, -3.66247295e-02,\n",
       "        -1.67390915e-01,  1.71334716e-01, -6.26721958e-01,\n",
       "        -8.59704730e-02,  6.99479377e-01, -3.41294436e-02,\n",
       "         1.07930250e-02]])"
      ]
     },
     "execution_count": 19,
     "metadata": {},
     "output_type": "execute_result"
    }
   ],
   "source": [
    "eigenvectors"
   ]
  },
  {
   "cell_type": "code",
   "execution_count": 20,
   "id": "38c823d7",
   "metadata": {},
   "outputs": [
    {
     "data": {
      "text/plain": [
       "array([7.54063530e-01, 3.14307339e-01, 2.20850270e-01, 1.29790314e-01,\n",
       "       1.22981527e-01, 9.54117647e-02, 7.32377910e-02, 4.58843057e-02,\n",
       "       1.68877487e-02, 1.42290999e-05])"
      ]
     },
     "execution_count": 20,
     "metadata": {},
     "output_type": "execute_result"
    }
   ],
   "source": [
    "eigenvalues"
   ]
  },
  {
   "cell_type": "code",
   "execution_count": 21,
   "id": "6169877d",
   "metadata": {},
   "outputs": [
    {
     "data": {
      "text/plain": [
       "array([[ 0.00292433, -0.04330094],\n",
       "       [ 0.07383989,  0.38398947],\n",
       "       [ 0.84824271, -0.47996876],\n",
       "       [ 0.0528678 ,  0.12044576],\n",
       "       [ 0.26097431,  0.43461828],\n",
       "       [ 0.39896681,  0.61494583],\n",
       "       [ 0.00701843, -0.00112407],\n",
       "       [-0.0250407 ,  0.0170712 ],\n",
       "       [-0.01537942,  0.17868969],\n",
       "       [-0.20984158, -0.08078241]])"
      ]
     },
     "execution_count": 21,
     "metadata": {},
     "output_type": "execute_result"
    }
   ],
   "source": [
    "top_eigenvectors = eigenvectors[:,:2]\n",
    "top_eigenvectors "
   ]
  },
  {
   "cell_type": "code",
   "execution_count": 58,
   "id": "26e57085",
   "metadata": {},
   "outputs": [
    {
     "data": {
      "text/plain": [
       "array([[ 0.00292433, -0.04330094,  0.24492946],\n",
       "       [ 0.07383989,  0.38398947, -0.88035885],\n",
       "       [ 0.84824271, -0.47996876, -0.14111936],\n",
       "       [ 0.0528678 ,  0.12044576, -0.01408771],\n",
       "       [ 0.26097431,  0.43461828,  0.19272236],\n",
       "       [ 0.39896681,  0.61494583,  0.32081646],\n",
       "       [ 0.00701843, -0.00112407, -0.00107192],\n",
       "       [-0.0250407 ,  0.0170712 ,  0.05728797],\n",
       "       [-0.01537942,  0.17868969, -0.01323574],\n",
       "       [-0.20984158, -0.08078241, -0.03662473]])"
      ]
     },
     "execution_count": 58,
     "metadata": {},
     "output_type": "execute_result"
    }
   ],
   "source": [
    "top_eigenvectors = eigenvectors[:,:3]\n",
    "top_eigenvectors "
   ]
  },
  {
   "cell_type": "code",
   "execution_count": 59,
   "id": "457a2cb0",
   "metadata": {},
   "outputs": [
    {
     "name": "stdout",
     "output_type": "stream",
     "text": [
      "\n",
      "PCA Reduced Data:\n",
      "[[ 1.39140784 -0.06325254 -0.40005047]\n",
      " [ 2.22564886  0.66056077 -0.42539237]\n",
      " [-0.67726766 -0.51264503  0.41372553]\n",
      " ...\n",
      " [-0.27318478  0.21082073  0.05201853]\n",
      " [-1.50784123 -1.24834691  0.59030319]\n",
      " [ 0.436563    0.11913389  0.95334309]]\n"
     ]
    }
   ],
   "source": [
    "pca_data = np.dot(standardized_data, top_eigenvectors)\n",
    "print(\"\\nPCA Reduced Data:\")\n",
    "print(pca_data)\n"
   ]
  },
  {
   "cell_type": "code",
   "execution_count": 69,
   "id": "06c84f0c",
   "metadata": {},
   "outputs": [
    {
     "data": {
      "text/plain": [
       "array([[ 2.92432831e-03, -4.33009399e-02,  2.44929459e-01,\n",
       "         8.97705512e-02, -6.18925850e-01, -5.42663025e-01,\n",
       "         4.35546047e-01],\n",
       "       [ 7.38398917e-02,  3.83989474e-01, -8.80358846e-01,\n",
       "        -5.42035218e-02, -1.71575789e-01, -1.64379455e-01,\n",
       "         4.25160405e-02],\n",
       "       [ 8.48242713e-01, -4.79968757e-01, -1.41119357e-01,\n",
       "         6.66457288e-02,  5.46783756e-02, -1.06609971e-01,\n",
       "         1.51979612e-02],\n",
       "       [ 5.28677969e-02,  1.20445761e-01, -1.40877065e-02,\n",
       "         9.44205927e-02, -3.05882252e-01,  4.77292289e-01,\n",
       "         5.15674869e-01],\n",
       "       [ 2.60974309e-01,  4.34618282e-01,  1.92722360e-01,\n",
       "        -3.51185829e-01,  5.26876835e-01, -1.28304201e-01,\n",
       "         5.22300102e-01],\n",
       "       [ 3.98966812e-01,  6.14945834e-01,  3.20816459e-01,\n",
       "         3.52377925e-02, -2.78816035e-01, -5.66172267e-02,\n",
       "        -4.97122330e-01],\n",
       "       [ 7.01843006e-03, -1.12406924e-03, -1.07191801e-03,\n",
       "         4.85418498e-03, -2.19441663e-03,  6.02052972e-03,\n",
       "         3.80295402e-04],\n",
       "       [-2.50406998e-02,  1.70711976e-02,  5.72879739e-02,\n",
       "         5.69773491e-02,  4.20770795e-02, -3.97848459e-02,\n",
       "        -4.64345005e-02],\n",
